(kicad_pcb (version 20190907) (host pcbnew "5.99.0-unknown-69e20c7~86~ubuntu18.04.1")

  (general
    (thickness 1.6)
    (drawings 62)
    (tracks 98)
    (modules 21)
    (nets 20)
  )

  (page "USLetter")
  (title_block
    (title "Fox Toner")
    (date "2019-11-03")
    (rev "A")
    (company "https://www.supyrow.com")
  )

  (layers
    (0 "F.Cu" signal)
    (31 "B.Cu" signal)
    (32 "B.Adhes" user)
    (33 "F.Adhes" user)
    (34 "B.Paste" user)
    (35 "F.Paste" user)
    (36 "B.SilkS" user)
    (37 "F.SilkS" user)
    (38 "B.Mask" user)
    (39 "F.Mask" user)
    (40 "Dwgs.User" user)
    (41 "Cmts.User" user)
    (42 "Eco1.User" user)
    (43 "Eco2.User" user)
    (44 "Edge.Cuts" user)
    (45 "Margin" user)
    (46 "B.CrtYd" user)
    (47 "F.CrtYd" user)
    (48 "B.Fab" user)
    (49 "F.Fab" user)
  )

  (setup
    (stackup
      (layer "F.SilkS" (type "Top Silk Screen"))
      (layer "F.Paste" (type "Top Solder Paste"))
      (layer "F.Mask" (type "Top Solder Mask") (thickness 0.01) (color "Green"))
      (layer "F.Cu" (type "copper") (thickness 0.035))
      (layer "dielectric 1" (type "core") (thickness 1.51) (material "FR4") (epsilon_r 4.5) (loss_tangent 0.02))
      (layer "B.Cu" (type "copper") (thickness 0.035))
      (layer "B.Mask" (type "Bottom Solder Mask") (thickness 0.01) (color "Green"))
      (layer "B.Paste" (type "Bottom Solder Paste"))
      (layer "B.SilkS" (type "Bottom Silk Screen") (color "Red"))
      (copper_finish "None")
      (dielectric_constraints no)
    )
    (last_trace_width 0.25)
    (user_trace_width 0.3)
    (user_trace_width 0.6)
    (user_trace_width 0.8)
    (user_trace_width 0.9)
    (user_trace_width 1)
    (user_trace_width 1)
    (user_trace_width 1.1)
    (user_trace_width 1.2)
    (trace_clearance 0.2)
    (zone_clearance 0.508)
    (zone_45_only yes)
    (trace_min 0.2)
    (via_size 0.8)
    (via_drill 0.4)
    (via_min_size 0.4)
    (via_min_drill 0.3)
    (user_via 1.5 1)
    (user_via 2 0.8)
    (user_via 4.7752 2.286)
    (uvia_size 0.3)
    (uvia_drill 0.1)
    (uvias_allowed no)
    (uvia_min_size 0.2)
    (uvia_min_drill 0.1)
    (max_error 0.005)
    (defaults
      (edge_clearance 0.01)
      (edge_cuts_line_width 0.15)
      (courtyard_line_width 0.05)
      (copper_line_width 0.2)
      (copper_text_dims (size 1.5 1.5) (thickness 0.3) keep_upright)
      (silk_line_width 0.15)
      (silk_text_dims (size 1 1) (thickness 0.15) keep_upright)
      (other_layers_line_width 0.1)
      (other_layers_text_dims (size 1 1) (thickness 0.15) keep_upright)
    )
    (pad_size 2 2)
    (pad_drill 1)
    (pad_to_mask_clearance 0.2)
    (aux_axis_origin 0 0)
    (visible_elements FFFFEF7F)
    (pcbplotparams
      (layerselection 0x01000_7fffffff)
      (usegerberextensions false)
      (usegerberattributes false)
      (usegerberadvancedattributes false)
      (creategerberjobfile false)
      (excludeedgelayer false)
      (linewidth 0.100000)
      (plotframeref false)
      (viasonmask true)
      (mode 1)
      (useauxorigin false)
      (hpglpennumber 1)
      (hpglpenspeed 20)
      (hpglpendiameter 15.000000)
      (psnegative false)
      (psa4output false)
      (plotreference true)
      (plotvalue true)
      (plotinvisibletext true)
      (padsonsilk true)
      (subtractmaskfromsilk false)
      (outputformat 5)
      (mirror true)
      (drillshape 2)
      (scaleselection 1)
      (outputdirectory "/crypt-storage1/electronics/DEVELOPMENT/Toner-RevA/toner-reva-SMD/OUTPUT/")
    )
  )

  (net 0 "")
  (net 1 "+9V")
  (net 2 "GND")
  (net 3 "Net-(C1-Pad1)")
  (net 4 "Net-(C1-Pad2)")
  (net 5 "Net-(C2-Pad2)")
  (net 6 "Net-(C2-Pad1)")
  (net 7 "Net-(C3-Pad1)")
  (net 8 "Net-(C3-Pad2)")
  (net 9 "Net-(D1-Pad1)")
  (net 10 "Net-(D2-Pad1)")
  (net 11 "Net-(LD1-Pad1)")
  (net 12 "Net-(LD1-Pad2)")
  (net 13 "Net-(R1-Pad2)")
  (net 14 "Net-(R2-Pad1)")
  (net 15 "Net-(R6-Pad2)")
  (net 16 "Net-(SW1-Pad1)")
  (net 17 "Net-(R3-Pad2)")
  (net 18 "Net-(R4-Pad2)")
  (net 19 "Net-(R4-Pad1)")

  (net_class "Default" "This is the default net class."
    (clearance 0.2)
    (trace_width 0.25)
    (via_dia 0.8)
    (via_drill 0.4)
    (uvia_dia 0.3)
    (uvia_drill 0.1)
    (add_net "+9V")
    (add_net "GND")
    (add_net "Net-(C1-Pad1)")
    (add_net "Net-(C1-Pad2)")
    (add_net "Net-(C2-Pad1)")
    (add_net "Net-(C2-Pad2)")
    (add_net "Net-(C3-Pad1)")
    (add_net "Net-(C3-Pad2)")
    (add_net "Net-(D1-Pad1)")
    (add_net "Net-(D2-Pad1)")
    (add_net "Net-(LD1-Pad1)")
    (add_net "Net-(LD1-Pad2)")
    (add_net "Net-(R1-Pad2)")
    (add_net "Net-(R2-Pad1)")
    (add_net "Net-(R3-Pad2)")
    (add_net "Net-(R4-Pad1)")
    (add_net "Net-(R4-Pad2)")
    (add_net "Net-(R6-Pad2)")
    (add_net "Net-(SW1-Pad1)")
  )

  (module "MyCustomParts:SWITCH-toggle-100SP3T1B1M2QEH" (layer "F.Cu") (tedit 5DCB4D3C) (tstamp 5DC00ECC)
    (at 43.75 43.25 90)
    (path "/5A8F4021")
    (fp_text reference "SW1" (at 5.75 -5.75 180) (layer "F.SilkS")
      (effects (font (size 1 1) (thickness 0.15)))
    )
    (fp_text value "SPDT" (at -5.75 -5.75 180) (layer "F.Fab")
      (effects (font (size 1 1) (thickness 0.15)))
    )
    (fp_line (start 2.65 0.57) (end 3.4 0.57) (layer "F.Fab") (width 0.15))
    (fp_line (start 3.4 -0.68) (end 2.65 -0.68) (layer "F.Fab") (width 0.15))
    (fp_line (start 2.65 -0.68) (end 2.65 0.57) (layer "F.Fab") (width 0.15))
    (fp_line (start -6.35 -3.43) (end -6.35 3.43) (layer "F.Fab") (width 0.15))
    (fp_circle (center 0 0) (end 3.43472 0) (layer "F.Fab") (width 0.15))
    (fp_line (start 6.35 3.43) (end -6.35 3.43) (layer "F.Fab") (width 0.15))
    (fp_line (start 6.35 -3.43) (end 6.35 3.43) (layer "F.Fab") (width 0.15))
    (fp_line (start 6.35 -3.4) (end -6.35 -3.4) (layer "F.Fab") (width 0.15))
    (fp_circle (center 0 0) (end 3.5 0) (layer "F.CrtYd") (width 0.05))
    (fp_line (start -6.75 3.75) (end -6.75 -3.75) (layer "F.CrtYd") (width 0.05))
    (fp_line (start 6.75 3.75) (end -6.75 3.75) (layer "F.CrtYd") (width 0.05))
    (fp_line (start 6.75 -3.75) (end 6.75 3.75) (layer "F.CrtYd") (width 0.05))
    (fp_line (start -6.75 -3.75) (end 6.75 -3.75) (layer "F.CrtYd") (width 0.05))
    (fp_line (start 2.65 0.57) (end 3.4 0.57) (layer "F.SilkS") (width 0.15))
    (fp_line (start 2.65 -0.68) (end 2.65 0.57) (layer "F.SilkS") (width 0.15))
    (fp_line (start 3.4 -0.68) (end 2.65 -0.68) (layer "F.SilkS") (width 0.15))
    (fp_circle (center 0 0) (end -3.43 -0.18) (layer "F.SilkS") (width 0.15))
    (fp_line (start -6.35 -3.43) (end -6.35 3.43) (layer "F.SilkS") (width 0.15))
    (fp_line (start 6.35 -3.43) (end 6.35 3.43) (layer "F.SilkS") (width 0.15))
    (fp_line (start 6.35 -3.43) (end -6.35 -3.43) (layer "F.SilkS") (width 0.15))
    (fp_line (start 6.35 3.43) (end -6.35 3.43) (layer "F.SilkS") (width 0.15))
    (pad "1" thru_hole circle (at -4.7 0 180) (size 3.5 3.5) (drill oval 1.8 1.2) (layers *.Cu *.Mask)
      (net 16 "Net-(SW1-Pad1)"))
    (pad "2" thru_hole circle (at 0 0 180) (size 3.5 3.5) (drill oval 1.8 1.2) (layers *.Cu *.Mask)
      (net 9 "Net-(D1-Pad1)"))
    (pad "3" thru_hole circle (at 4.7 0 180) (size 3.5 3.5) (drill oval 1.8 1.2) (layers *.Cu *.Mask)
      (net 12 "Net-(LD1-Pad2)"))
    (model "${KISYSMINE}/MyPackages3D/Switch_THT/100SPxT1B1M2xE.stp"
      (offset (xyz 0 0 8))
      (scale (xyz 1 1 1))
      (rotate (xyz 0 0 180))
    )
  )

  (module "Resistor_SMD:R_1206_3216Metric" (layer "F.Cu") (tedit 5B301BBD) (tstamp 5DC78618)
    (at 50.75 59.6 -90)
    (descr "Resistor SMD 1206 (3216 Metric), square (rectangular) end terminal, IPC_7351 nominal, (Body size source: http://www.tortai-tech.com/upload/download/2011102023233369053.pdf), generated with kicad-footprint-generator")
    (tags "resistor")
    (path "/5DC767D6")
    (attr smd)
    (fp_text reference "R4" (at 3.65 0 180) (layer "F.SilkS")
      (effects (font (size 1 1) (thickness 0.15)))
    )
    (fp_text value "1M" (at 0 1.82 90) (layer "F.Fab")
      (effects (font (size 1 1) (thickness 0.15)))
    )
    (fp_line (start -1.6 0.8) (end -1.6 -0.8) (layer "F.Fab") (width 0.1))
    (fp_line (start -1.6 -0.8) (end 1.6 -0.8) (layer "F.Fab") (width 0.1))
    (fp_line (start 1.6 -0.8) (end 1.6 0.8) (layer "F.Fab") (width 0.1))
    (fp_line (start 1.6 0.8) (end -1.6 0.8) (layer "F.Fab") (width 0.1))
    (fp_line (start -0.602064 -0.91) (end 0.602064 -0.91) (layer "F.SilkS") (width 0.12))
    (fp_line (start -0.602064 0.91) (end 0.602064 0.91) (layer "F.SilkS") (width 0.12))
    (fp_line (start -2.28 1.12) (end -2.28 -1.12) (layer "F.CrtYd") (width 0.05))
    (fp_line (start -2.28 -1.12) (end 2.28 -1.12) (layer "F.CrtYd") (width 0.05))
    (fp_line (start 2.28 -1.12) (end 2.28 1.12) (layer "F.CrtYd") (width 0.05))
    (fp_line (start 2.28 1.12) (end -2.28 1.12) (layer "F.CrtYd") (width 0.05))
    (fp_text user "%R" (at 0 0 90) (layer "F.Fab")
      (effects (font (size 0.8 0.8) (thickness 0.12)))
    )
    (pad "2" smd roundrect (at 1.4 0 270) (size 1.25 1.75) (layers "F.Cu" "F.Paste" "F.Mask") (roundrect_rratio 0.2)
      (net 18 "Net-(R4-Pad2)"))
    (pad "1" smd roundrect (at -1.4 0 270) (size 1.25 1.75) (layers "F.Cu" "F.Paste" "F.Mask") (roundrect_rratio 0.2)
      (net 19 "Net-(R4-Pad1)"))
    (model "${KISYS3DMOD}/Resistor_SMD.3dshapes/R_1206_3216Metric.wrl"
      (at (xyz 0 0 0))
      (scale (xyz 1 1 1))
      (rotate (xyz 0 0 0))
    )
  )

  (module "Resistor_SMD:R_1206_3216Metric" (layer "F.Cu") (tedit 59FE48B8) (tstamp 5DC00C54)
    (at 89.25 59.505)
    (descr "Resistor SMD 1206 (3216 Metric), square (rectangular) end terminal, IPC_7351 nominal, (Body size source: http://www.tortai-tech.com/upload/download/2011102023233369053.pdf), generated with kicad-footprint-generator")
    (tags "resistor")
    (path "/5A8F4D6A")
    (attr smd)
    (fp_text reference "R2" (at -3.4 0.24) (layer "F.SilkS")
      (effects (font (size 1 1) (thickness 0.15)))
    )
    (fp_text value "2K2" (at 0 1.995) (layer "F.Fab")
      (effects (font (size 1 1) (thickness 0.15)))
    )
    (fp_line (start -1.6 0.8) (end -1.6 -0.8) (layer "F.Fab") (width 0.1))
    (fp_line (start -1.6 -0.8) (end 1.6 -0.8) (layer "F.Fab") (width 0.1))
    (fp_line (start 1.6 -0.8) (end 1.6 0.8) (layer "F.Fab") (width 0.1))
    (fp_line (start 1.6 0.8) (end -1.6 0.8) (layer "F.Fab") (width 0.1))
    (fp_line (start -0.65 -0.91) (end 0.65 -0.91) (layer "F.SilkS") (width 0.12))
    (fp_line (start -0.65 0.91) (end 0.65 0.91) (layer "F.SilkS") (width 0.12))
    (fp_line (start -2.29 1.15) (end -2.29 -1.15) (layer "F.CrtYd") (width 0.05))
    (fp_line (start -2.29 -1.15) (end 2.29 -1.15) (layer "F.CrtYd") (width 0.05))
    (fp_line (start 2.29 -1.15) (end 2.29 1.15) (layer "F.CrtYd") (width 0.05))
    (fp_line (start 2.29 1.15) (end -2.29 1.15) (layer "F.CrtYd") (width 0.05))
    (fp_text user "%R" (at 0 0) (layer "F.Fab")
      (effects (font (size 0.8 0.8) (thickness 0.12)))
    )
    (pad "2" smd rect (at 1.505 0) (size 1.07 1.8) (layers "F.Cu" "F.Paste" "F.Mask")
      (net 4 "Net-(C1-Pad2)"))
    (pad "1" smd rect (at -1.505 0) (size 1.07 1.8) (layers "F.Cu" "F.Paste" "F.Mask")
      (net 14 "Net-(R2-Pad1)"))
    (model "${KISYS3DMOD}/Resistor_SMD.3dshapes/R_1206_3216Metric.wrl"
      (at (xyz 0 0 0))
      (scale (xyz 1 1 1))
      (rotate (xyz 0 0 0))
    )
  )

  (module "LED_THT:LED_D5.0mm_Clear" (layer "F.Cu") (tedit 5DBF5F3B) (tstamp 5DC009FB)
    (at 35.75 43.25 -90)
    (descr "LED, diameter 5.0mm, 2 pins, http://cdn-reichelt.de/documents/datenblatt/A500/LL-504BC2E-009.pdf")
    (tags "LED diameter 5.0mm 2 pins")
    (path "/5A8F4A58")
    (fp_text reference "LD1" (at 4.5 0) (layer "F.SilkS")
      (effects (font (size 1 1) (thickness 0.15)))
    )
    (fp_text value "Bi-Color LED" (at 0 4.4 -90) (layer "F.Fab")
      (effects (font (size 1 1) (thickness 0.15)))
    )
    (fp_arc (start 0 0) (end -2.56 1.54483) (angle -148.9) (layer "F.SilkS") (width 0.12))
    (fp_arc (start 0 0) (end -2.56 -1.54483) (angle 148.9) (layer "F.SilkS") (width 0.12))
    (fp_arc (start 0 0) (end -2.5 -1.469694) (angle 299.1) (layer "F.Fab") (width 0.1))
    (fp_circle (center 0 0) (end 2.5 0) (layer "F.SilkS") (width 0.12))
    (fp_circle (center 0 0) (end 2.5 0) (layer "F.Fab") (width 0.1))
    (fp_line (start 3.23 -3.25) (end -3.22 -3.25) (layer "F.CrtYd") (width 0.05))
    (fp_line (start 3.23 3.25) (end 3.23 -3.25) (layer "F.CrtYd") (width 0.05))
    (fp_line (start -3.22 3.25) (end 3.23 3.25) (layer "F.CrtYd") (width 0.05))
    (fp_line (start -3.22 -3.25) (end -3.22 3.25) (layer "F.CrtYd") (width 0.05))
    (fp_line (start -2.56 -1.545) (end -2.56 1.545) (layer "F.SilkS") (width 0.12))
    (fp_line (start -2.5 -1.469694) (end -2.5 1.469694) (layer "F.Fab") (width 0.1))
    (fp_text user "%R" (at -5 2.4 -90) (layer "F.Fab")
      (effects (font (size 0.8 0.8) (thickness 0.2)))
    )
    (pad "1" thru_hole rect (at -1.27 0 270) (size 2 2) (drill 1) (layers *.Cu *.Mask)
      (net 11 "Net-(LD1-Pad1)"))
    (pad "2" thru_hole circle (at 1.27 0 270) (size 2 2) (drill 1) (layers *.Cu *.Mask)
      (net 12 "Net-(LD1-Pad2)"))
    (model "${KISYS3DMOD}/LED_THT.3dshapes/LED_D5.0mm_Clear.wrl"
      (offset (xyz -1.25 0 0))
      (scale (xyz 1 1 1))
      (rotate (xyz 0 0 0))
    )
  )

  (module "Diode_SMD:D_1210_3225Metric" (layer "F.Cu") (tedit 5B301BBE) (tstamp 5DC00E8D)
    (at 104.85 62)
    (descr "Diode SMD 1210 (3225 Metric), square (rectangular) end terminal, IPC_7351 nominal, (Body size source: http://www.tortai-tech.com/upload/download/2011102023233369053.pdf), generated with kicad-footprint-generator")
    (tags "diode")
    (path "/5A93BAA8")
    (attr smd)
    (fp_text reference "D3" (at 0 -2.375) (layer "F.SilkS")
      (effects (font (size 1 1) (thickness 0.15)))
    )
    (fp_text value "VP4032K122R300	" (at -7.85 2) (layer "F.Fab")
      (effects (font (size 1 1) (thickness 0.15)))
    )
    (fp_text user "%R" (at 0 0) (layer "F.Fab")
      (effects (font (size 0.8 0.8) (thickness 0.12)))
    )
    (fp_line (start 2.28 1.58) (end -2.28 1.58) (layer "F.CrtYd") (width 0.05))
    (fp_line (start 2.28 -1.58) (end 2.28 1.58) (layer "F.CrtYd") (width 0.05))
    (fp_line (start -2.28 -1.58) (end 2.28 -1.58) (layer "F.CrtYd") (width 0.05))
    (fp_line (start -2.28 1.58) (end -2.28 -1.58) (layer "F.CrtYd") (width 0.05))
    (fp_line (start -2.285 1.585) (end 1.6 1.585) (layer "F.SilkS") (width 0.12))
    (fp_line (start -2.285 -1.585) (end -2.285 1.585) (layer "F.SilkS") (width 0.12))
    (fp_line (start 1.6 -1.585) (end -2.285 -1.585) (layer "F.SilkS") (width 0.12))
    (fp_line (start 1.6 1.25) (end 1.6 -1.25) (layer "F.Fab") (width 0.1))
    (fp_line (start -1.6 1.25) (end 1.6 1.25) (layer "F.Fab") (width 0.1))
    (fp_line (start -1.6 -0.625) (end -1.6 1.25) (layer "F.Fab") (width 0.1))
    (fp_line (start -0.975 -1.25) (end -1.6 -0.625) (layer "F.Fab") (width 0.1))
    (fp_line (start 1.6 -1.25) (end -0.975 -1.25) (layer "F.Fab") (width 0.1))
    (pad "2" smd roundrect (at 1.4 0) (size 1.25 2.65) (layers "F.Cu" "F.Paste" "F.Mask") (roundrect_rratio 0.2)
      (net 2 "GND"))
    (pad "1" smd roundrect (at -1.4 0) (size 1.25 2.65) (layers "F.Cu" "F.Paste" "F.Mask") (roundrect_rratio 0.2)
      (net 7 "Net-(C3-Pad1)"))
    (model "${KISYS3DMOD}/Diode_SMD.3dshapes/D_1210_3225Metric.wrl"
      (at (xyz 0 0 0))
      (scale (xyz 1 1 1))
      (rotate (xyz 0 0 0))
    )
  )

  (module "Connector_PinHeader_2.54mm:PinHeader_1x02_P2.54mm_Vertical" (layer "F.Cu") (tedit 5D8D7DDB) (tstamp 5DC00E51)
    (at 107 41.75 180)
    (descr "Through hole straight pin header, 1x02, 2.54mm pitch, single row")
    (tags "Through hole pin header THT 1x02 2.54mm single row")
    (path "/5A8F4226")
    (fp_text reference "BT1" (at 0.75 5.25 180) (layer "F.SilkS")
      (effects (font (size 1 1) (thickness 0.15)))
    )
    (fp_text value "BATT" (at -2.75 1 270) (layer "F.SilkS")
      (effects (font (size 1 1) (thickness 0.15) italic))
    )
    (fp_line (start -0.635 -1.27) (end 1.27 -1.27) (layer "F.Fab") (width 0.1))
    (fp_line (start 1.27 -1.27) (end 1.27 3.81) (layer "F.Fab") (width 0.1))
    (fp_line (start 1.27 3.81) (end -1.27 3.81) (layer "F.Fab") (width 0.1))
    (fp_line (start -1.27 3.81) (end -1.27 -0.635) (layer "F.Fab") (width 0.1))
    (fp_line (start -1.27 -0.635) (end -0.635 -1.27) (layer "F.Fab") (width 0.1))
    (fp_line (start -1.33 3.87) (end 1.33 3.87) (layer "F.SilkS") (width 0.12))
    (fp_line (start -1.33 1.27) (end -1.33 3.87) (layer "F.SilkS") (width 0.12))
    (fp_line (start 1.33 1.27) (end 1.33 3.87) (layer "F.SilkS") (width 0.12))
    (fp_line (start -1.33 1.27) (end 1.33 1.27) (layer "F.SilkS") (width 0.12))
    (fp_line (start -1.33 0) (end -1.33 -1.33) (layer "F.SilkS") (width 0.12))
    (fp_line (start -1.33 -1.33) (end 0 -1.33) (layer "F.SilkS") (width 0.12))
    (fp_line (start -1.8 -1.8) (end -1.8 4.35) (layer "F.CrtYd") (width 0.05))
    (fp_line (start -1.8 4.35) (end 1.8 4.35) (layer "F.CrtYd") (width 0.05))
    (fp_line (start 1.8 4.35) (end 1.8 -1.8) (layer "F.CrtYd") (width 0.05))
    (fp_line (start 1.8 -1.8) (end -1.8 -1.8) (layer "F.CrtYd") (width 0.05))
    (fp_text user "%R" (at -2.79 1.25 270) (layer "F.Fab")
      (effects (font (size 1 1) (thickness 0.15)))
    )
    (pad "2" thru_hole oval (at 0 2.54 180) (size 2 2) (drill 1) (layers *.Cu *.Mask)
      (net 2 "GND"))
    (pad "1" thru_hole rect (at 0 0 180) (size 2 2) (drill 1) (layers *.Cu *.Mask)
      (net 1 "+9V"))
    (model "${KISYS3DMOD}/Connector_PinHeader_2.54mm.3dshapes/PinHeader_1x02_P2.54mm_Vertical.wrl"
      (at (xyz 0 0 0))
      (scale (xyz 1 1 1))
      (rotate (xyz 0 0 0))
    )
  )

  (module "Connector_PinHeader_2.54mm:PinHeader_1x03_P2.54mm_Vertical" (layer "F.Cu") (tedit 5D8D7EB5) (tstamp 5DC00E10)
    (at 38.5 62.5 90)
    (descr "Through hole straight pin header, 1x03, 2.54mm pitch, single row")
    (tags "Through hole pin header THT 1x03 2.54mm single row")
    (path "/5A8F468E")
    (fp_text reference "SW2" (at 0 -3.5) (layer "F.SilkS")
      (effects (font (size 1 1) (thickness 0.15)))
    )
    (fp_text value "TONE/WARBLE" (at 2.625 1.75) (layer "F.SilkS")
      (effects (font (size 1 1) (thickness 0.15)))
    )
    (fp_line (start -0.635 -1.27) (end 1.27 -1.27) (layer "F.Fab") (width 0.1))
    (fp_line (start 1.27 -1.27) (end 1.27 6.35) (layer "F.Fab") (width 0.1))
    (fp_line (start 1.27 6.35) (end -1.27 6.35) (layer "F.Fab") (width 0.1))
    (fp_line (start -1.27 6.35) (end -1.27 -0.635) (layer "F.Fab") (width 0.1))
    (fp_line (start -1.27 -0.635) (end -0.635 -1.27) (layer "F.Fab") (width 0.1))
    (fp_line (start -1.33 6.41) (end 1.33 6.41) (layer "F.SilkS") (width 0.12))
    (fp_line (start -1.33 1.27) (end -1.33 6.41) (layer "F.SilkS") (width 0.12))
    (fp_line (start 1.33 1.27) (end 1.33 6.41) (layer "F.SilkS") (width 0.12))
    (fp_line (start -1.33 1.27) (end 1.33 1.27) (layer "F.SilkS") (width 0.12))
    (fp_line (start -1.33 0) (end -1.33 -1.33) (layer "F.SilkS") (width 0.12))
    (fp_line (start -1.33 -1.33) (end 0 -1.33) (layer "F.SilkS") (width 0.12))
    (fp_line (start -1.8 -1.8) (end -1.8 6.85) (layer "F.CrtYd") (width 0.05))
    (fp_line (start -1.8 6.85) (end 1.8 6.85) (layer "F.CrtYd") (width 0.05))
    (fp_line (start 1.8 6.85) (end 1.8 -1.8) (layer "F.CrtYd") (width 0.05))
    (fp_line (start 1.8 -1.8) (end -1.8 -1.8) (layer "F.CrtYd") (width 0.05))
    (fp_text user "%R" (at 0 -3.5 180) (layer "F.Fab")
      (effects (font (size 1 1) (thickness 0.15)))
    )
    (pad "3" thru_hole circle (at 0 5.08 90) (size 2 2) (drill 1) (layers *.Cu *.Mask)
      (net 15 "Net-(R6-Pad2)"))
    (pad "2" thru_hole circle (at 0 2.54 90) (size 2 2) (drill 1) (layers *.Cu *.Mask)
      (net 2 "GND"))
    (pad "1" thru_hole rect (at 0 0 90) (size 2 2) (drill 1) (layers *.Cu *.Mask)
      (net 2 "GND"))
    (model "${KISYS3DMOD}/Connector_PinHeader_2.54mm.3dshapes/PinHeader_1x03_P2.54mm_Vertical.wrl"
      (at (xyz 0 0 0))
      (scale (xyz 1 1 1))
      (rotate (xyz 0 0 0))
    )
  )

  (module "MyCustomParts:Connector-blade" (layer "F.Cu") (tedit 5D8D7EC8) (tstamp 5DC00DD4)
    (at 113.25 43.5)
    (path "/5A8F4785")
    (fp_text reference "J1" (at -3 -8 180) (layer "F.SilkS")
      (effects (font (size 1 1) (thickness 0.15)))
    )
    (fp_text value "DUT" (at 3 0 270) (layer "F.SilkS")
      (effects (font (size 1 1) (thickness 0.15)))
    )
    (fp_line (start -2 8.75) (end -2 -8.75) (layer "F.SilkS") (width 0.15))
    (fp_line (start 2 8.75) (end -2 8.75) (layer "F.SilkS") (width 0.15))
    (fp_line (start 2 -8.75) (end 2 8.75) (layer "F.SilkS") (width 0.15))
    (fp_line (start -2 -8.75) (end 2 -8.75) (layer "F.SilkS") (width 0.15))
    (fp_line (start -2 -8.75) (end -2 8.75) (layer "F.Fab") (width 0.05))
    (fp_line (start 2 -8.75) (end -2 -8.75) (layer "F.Fab") (width 0.05))
    (fp_line (start 2 8.75) (end 2 -8.75) (layer "F.Fab") (width 0.05))
    (fp_line (start -2 8.75) (end 2 8.75) (layer "F.Fab") (width 0.05))
    (fp_line (start -1.75 8.5) (end -1.75 -8.5) (layer "F.CrtYd") (width 0.05))
    (fp_line (start 1.75 8.5) (end -1.75 8.5) (layer "F.CrtYd") (width 0.05))
    (fp_line (start 1.75 -8.5) (end 1.75 8.5) (layer "F.CrtYd") (width 0.05))
    (fp_line (start -1.75 -8.5) (end 1.75 -8.5) (layer "F.CrtYd") (width 0.05))
    (pad "1" thru_hole rect (at 0 6.25) (size 3 6) (drill oval 1 3 (offset 0 -1)) (layers *.Cu *.Mask)
      (net 8 "Net-(C3-Pad2)"))
    (pad "1" thru_hole circle (at 0 2.5 180) (size 3 3) (drill 1) (layers *.Cu *.Mask)
      (net 8 "Net-(C3-Pad2)"))
    (pad "2" thru_hole circle (at 0 -2.5) (size 3 3) (drill 1) (layers *.Cu *.Mask)
      (net 2 "GND"))
    (pad "2" thru_hole rect (at 0 -6.25 180) (size 3 6) (drill oval 1 3 (offset 0 -1)) (layers *.Cu *.Mask)
      (net 2 "GND"))
  )

  (module "Capacitor_SMD:C_1206_3216Metric" (layer "F.Cu") (tedit 59FE48B8) (tstamp 5DC00DA1)
    (at 93.995 58 -90)
    (descr "Capacitor SMD 1206 (3216 Metric), square (rectangular) end terminal, IPC_7351 nominal, (Body size source: http://www.tortai-tech.com/upload/download/2011102023233369053.pdf), generated with kicad-footprint-generator")
    (tags "capacitor")
    (path "/5A8F4F3A")
    (attr smd)
    (fp_text reference "C1" (at 0 -2.505 180) (layer "F.SilkS")
      (effects (font (size 1 1) (thickness 0.15)))
    )
    (fp_text value "1000pF @ 100V" (at -3 -2.005 90) (layer "F.Fab")
      (effects (font (size 1 1) (thickness 0.15)))
    )
    (fp_text user "%R" (at 0 0 90) (layer "F.Fab")
      (effects (font (size 0.8 0.8) (thickness 0.12)))
    )
    (fp_line (start 2.29 1.15) (end -2.29 1.15) (layer "F.CrtYd") (width 0.05))
    (fp_line (start 2.29 -1.15) (end 2.29 1.15) (layer "F.CrtYd") (width 0.05))
    (fp_line (start -2.29 -1.15) (end 2.29 -1.15) (layer "F.CrtYd") (width 0.05))
    (fp_line (start -2.29 1.15) (end -2.29 -1.15) (layer "F.CrtYd") (width 0.05))
    (fp_line (start -0.65 0.91) (end 0.65 0.91) (layer "F.SilkS") (width 0.12))
    (fp_line (start -0.65 -0.91) (end 0.65 -0.91) (layer "F.SilkS") (width 0.12))
    (fp_line (start 1.6 0.8) (end -1.6 0.8) (layer "F.Fab") (width 0.1))
    (fp_line (start 1.6 -0.8) (end 1.6 0.8) (layer "F.Fab") (width 0.1))
    (fp_line (start -1.6 -0.8) (end 1.6 -0.8) (layer "F.Fab") (width 0.1))
    (fp_line (start -1.6 0.8) (end -1.6 -0.8) (layer "F.Fab") (width 0.1))
    (pad "1" smd rect (at -1.505 0 270) (size 1.07 1.8) (layers "F.Cu" "F.Paste" "F.Mask")
      (net 3 "Net-(C1-Pad1)"))
    (pad "2" smd rect (at 1.505 0 270) (size 1.07 1.8) (layers "F.Cu" "F.Paste" "F.Mask")
      (net 4 "Net-(C1-Pad2)"))
    (model "${KISYS3DMOD}/Capacitor_SMD.3dshapes/C_1206_3216Metric.wrl"
      (at (xyz 0 0 0))
      (scale (xyz 1 1 1))
      (rotate (xyz 0 0 0))
    )
  )

  (module "Capacitor_SMD:C_1206_3216Metric" (layer "F.Cu") (tedit 59FE48B8) (tstamp 5DC00D71)
    (at 54.75 53.875 -90)
    (descr "Capacitor SMD 1206 (3216 Metric), square (rectangular) end terminal, IPC_7351 nominal, (Body size source: http://www.tortai-tech.com/upload/download/2011102023233369053.pdf), generated with kicad-footprint-generator")
    (tags "capacitor")
    (path "/5A8F4FBE")
    (attr smd)
    (fp_text reference "C2" (at -3.125 -0.005 180) (layer "F.SilkS")
      (effects (font (size 1 1) (thickness 0.15)))
    )
    (fp_text value "100nF @ 50V" (at 0.125 1.995 90) (layer "F.Fab")
      (effects (font (size 1 1) (thickness 0.15)))
    )
    (fp_line (start -1.6 0.8) (end -1.6 -0.8) (layer "F.Fab") (width 0.1))
    (fp_line (start -1.6 -0.8) (end 1.6 -0.8) (layer "F.Fab") (width 0.1))
    (fp_line (start 1.6 -0.8) (end 1.6 0.8) (layer "F.Fab") (width 0.1))
    (fp_line (start 1.6 0.8) (end -1.6 0.8) (layer "F.Fab") (width 0.1))
    (fp_line (start -0.65 -0.91) (end 0.65 -0.91) (layer "F.SilkS") (width 0.12))
    (fp_line (start -0.65 0.91) (end 0.65 0.91) (layer "F.SilkS") (width 0.12))
    (fp_line (start -2.29 1.15) (end -2.29 -1.15) (layer "F.CrtYd") (width 0.05))
    (fp_line (start -2.29 -1.15) (end 2.29 -1.15) (layer "F.CrtYd") (width 0.05))
    (fp_line (start 2.29 -1.15) (end 2.29 1.15) (layer "F.CrtYd") (width 0.05))
    (fp_line (start 2.29 1.15) (end -2.29 1.15) (layer "F.CrtYd") (width 0.05))
    (fp_text user "%R" (at 0 0 90) (layer "F.Fab")
      (effects (font (size 0.8 0.8) (thickness 0.12)))
    )
    (pad "2" smd rect (at 1.505 0 270) (size 1.07 1.8) (layers "F.Cu" "F.Paste" "F.Mask")
      (net 5 "Net-(C2-Pad2)"))
    (pad "1" smd rect (at -1.505 0 270) (size 1.07 1.8) (layers "F.Cu" "F.Paste" "F.Mask")
      (net 6 "Net-(C2-Pad1)"))
    (model "${KISYS3DMOD}/Capacitor_SMD.3dshapes/C_1206_3216Metric.wrl"
      (at (xyz 0 0 0))
      (scale (xyz 1 1 1))
      (rotate (xyz 0 0 0))
    )
  )

  (module "Capacitor_SMD:C_1206_3216Metric" (layer "F.Cu") (tedit 59FE48B8) (tstamp 5DC00D41)
    (at 99.25 58.005 90)
    (descr "Capacitor SMD 1206 (3216 Metric), square (rectangular) end terminal, IPC_7351 nominal, (Body size source: http://www.tortai-tech.com/upload/download/2011102023233369053.pdf), generated with kicad-footprint-generator")
    (tags "capacitor")
    (path "/5A8F4F74")
    (attr smd)
    (fp_text reference "C3" (at 0.005 2.5) (layer "F.SilkS")
      (effects (font (size 1 1) (thickness 0.15)))
    )
    (fp_text value "0.1uF @ 250V" (at 2.005 2.05 270) (layer "F.Fab")
      (effects (font (size 1 1) (thickness 0.15)))
    )
    (fp_text user "%R" (at 0 0 270) (layer "F.Fab")
      (effects (font (size 0.8 0.8) (thickness 0.12)))
    )
    (fp_line (start 2.29 1.15) (end -2.29 1.15) (layer "F.CrtYd") (width 0.05))
    (fp_line (start 2.29 -1.15) (end 2.29 1.15) (layer "F.CrtYd") (width 0.05))
    (fp_line (start -2.29 -1.15) (end 2.29 -1.15) (layer "F.CrtYd") (width 0.05))
    (fp_line (start -2.29 1.15) (end -2.29 -1.15) (layer "F.CrtYd") (width 0.05))
    (fp_line (start -0.65 0.91) (end 0.65 0.91) (layer "F.SilkS") (width 0.12))
    (fp_line (start -0.65 -0.91) (end 0.65 -0.91) (layer "F.SilkS") (width 0.12))
    (fp_line (start 1.6 0.8) (end -1.6 0.8) (layer "F.Fab") (width 0.1))
    (fp_line (start 1.6 -0.8) (end 1.6 0.8) (layer "F.Fab") (width 0.1))
    (fp_line (start -1.6 -0.8) (end 1.6 -0.8) (layer "F.Fab") (width 0.1))
    (fp_line (start -1.6 0.8) (end -1.6 -0.8) (layer "F.Fab") (width 0.1))
    (pad "1" smd rect (at -1.505 0 90) (size 1.07 1.8) (layers "F.Cu" "F.Paste" "F.Mask")
      (net 7 "Net-(C3-Pad1)"))
    (pad "2" smd rect (at 1.505 0 90) (size 1.07 1.8) (layers "F.Cu" "F.Paste" "F.Mask")
      (net 8 "Net-(C3-Pad2)"))
    (model "${KISYS3DMOD}/Capacitor_SMD.3dshapes/C_1206_3216Metric.wrl"
      (at (xyz 0 0 0))
      (scale (xyz 1 1 1))
      (rotate (xyz 0 0 0))
    )
  )

  (module "Diode_SMD:D_SMA" (layer "B.Cu") (tedit 586432E5) (tstamp 5DC00D03)
    (at 107 48.75 90)
    (descr "Diode SMA (DO-214AC)")
    (tags "Diode SMA (DO-214AC)")
    (path "/5A8F493D")
    (attr smd)
    (fp_text reference "D1" (at 0 -3) (layer "B.SilkS")
      (effects (font (size 1 1) (thickness 0.15)) (justify mirror))
    )
    (fp_text value "S1M" (at -2 -3.5 180) (layer "B.Fab")
      (effects (font (size 1 1) (thickness 0.15)) (justify mirror))
    )
    (fp_line (start -3.4 1.65) (end 2 1.65) (layer "B.SilkS") (width 0.12))
    (fp_line (start -3.4 -1.65) (end 2 -1.65) (layer "B.SilkS") (width 0.12))
    (fp_line (start -0.64944 -0.00102) (end 0.50118 0.79908) (layer "B.Fab") (width 0.1))
    (fp_line (start -0.64944 -0.00102) (end 0.50118 -0.75032) (layer "B.Fab") (width 0.1))
    (fp_line (start 0.50118 -0.75032) (end 0.50118 0.79908) (layer "B.Fab") (width 0.1))
    (fp_line (start -0.64944 0.79908) (end -0.64944 -0.80112) (layer "B.Fab") (width 0.1))
    (fp_line (start 0.50118 -0.00102) (end 1.4994 -0.00102) (layer "B.Fab") (width 0.1))
    (fp_line (start -0.64944 -0.00102) (end -1.55114 -0.00102) (layer "B.Fab") (width 0.1))
    (fp_line (start -3.5 -1.75) (end -3.5 1.75) (layer "B.CrtYd") (width 0.05))
    (fp_line (start 3.5 -1.75) (end -3.5 -1.75) (layer "B.CrtYd") (width 0.05))
    (fp_line (start 3.5 1.75) (end 3.5 -1.75) (layer "B.CrtYd") (width 0.05))
    (fp_line (start -3.5 1.75) (end 3.5 1.75) (layer "B.CrtYd") (width 0.05))
    (fp_line (start 2.3 1.5) (end -2.3 1.5) (layer "B.Fab") (width 0.1))
    (fp_line (start 2.3 1.5) (end 2.3 -1.5) (layer "B.Fab") (width 0.1))
    (fp_line (start -2.3 -1.5) (end -2.3 1.5) (layer "B.Fab") (width 0.1))
    (fp_line (start 2.3 -1.5) (end -2.3 -1.5) (layer "B.Fab") (width 0.1))
    (fp_line (start -3.4 1.65) (end -3.4 -1.65) (layer "B.SilkS") (width 0.12))
    (fp_text user "%R" (at 0 -3 180) (layer "B.Fab")
      (effects (font (size 1 1) (thickness 0.15)) (justify mirror))
    )
    (pad "1" smd rect (at -2 0 90) (size 2.5 1.8) (layers "B.Cu" "B.Paste" "B.Mask")
      (net 9 "Net-(D1-Pad1)"))
    (pad "2" smd rect (at 2 0 90) (size 2.5 1.8) (layers "B.Cu" "B.Paste" "B.Mask")
      (net 1 "+9V"))
    (model "${KISYS3DMOD}/Diode_SMD.3dshapes/D_SMA.wrl"
      (at (xyz 0 0 0))
      (scale (xyz 1 1 1))
      (rotate (xyz 0 0 0))
    )
  )

  (module "Diode_SMD:D_MiniMELF" (layer "F.Cu") (tedit 5905D8F5) (tstamp 5DC00CBC)
    (at 58.75 54.25 -90)
    (descr "Diode Mini-MELF")
    (tags "Diode Mini-MELF")
    (path "/5A8F4890")
    (attr smd)
    (fp_text reference "D2" (at -3.5 0 180) (layer "F.SilkS")
      (effects (font (size 1 1) (thickness 0.15)))
    )
    (fp_text value "LL4148" (at 5.5 0 90) (layer "F.Fab")
      (effects (font (size 1 1) (thickness 0.15)))
    )
    (fp_line (start -2.65 1.1) (end -2.65 -1.1) (layer "F.CrtYd") (width 0.05))
    (fp_line (start 2.65 1.1) (end -2.65 1.1) (layer "F.CrtYd") (width 0.05))
    (fp_line (start 2.65 -1.1) (end 2.65 1.1) (layer "F.CrtYd") (width 0.05))
    (fp_line (start -2.65 -1.1) (end 2.65 -1.1) (layer "F.CrtYd") (width 0.05))
    (fp_line (start -0.75 0) (end -0.35 0) (layer "F.Fab") (width 0.1))
    (fp_line (start -0.35 0) (end -0.35 -0.55) (layer "F.Fab") (width 0.1))
    (fp_line (start -0.35 0) (end -0.35 0.55) (layer "F.Fab") (width 0.1))
    (fp_line (start -0.35 0) (end 0.25 -0.4) (layer "F.Fab") (width 0.1))
    (fp_line (start 0.25 -0.4) (end 0.25 0.4) (layer "F.Fab") (width 0.1))
    (fp_line (start 0.25 0.4) (end -0.35 0) (layer "F.Fab") (width 0.1))
    (fp_line (start 0.25 0) (end 0.75 0) (layer "F.Fab") (width 0.1))
    (fp_line (start -1.65 -0.8) (end 1.65 -0.8) (layer "F.Fab") (width 0.1))
    (fp_line (start -1.65 0.8) (end -1.65 -0.8) (layer "F.Fab") (width 0.1))
    (fp_line (start 1.65 0.8) (end -1.65 0.8) (layer "F.Fab") (width 0.1))
    (fp_line (start 1.65 -0.8) (end 1.65 0.8) (layer "F.Fab") (width 0.1))
    (fp_line (start -2.55 1) (end 1.75 1) (layer "F.SilkS") (width 0.12))
    (fp_line (start -2.55 -1) (end -2.55 1) (layer "F.SilkS") (width 0.12))
    (fp_line (start 1.75 -1) (end -2.55 -1) (layer "F.SilkS") (width 0.12))
    (fp_text user "%R" (at -3.75 0 90) (layer "F.Fab")
      (effects (font (size 1 1) (thickness 0.15)))
    )
    (pad "1" smd rect (at -1.75 0 270) (size 1.3 1.7) (layers "F.Cu" "F.Paste" "F.Mask")
      (net 10 "Net-(D2-Pad1)"))
    (pad "2" smd rect (at 1.75 0 270) (size 1.3 1.7) (layers "F.Cu" "F.Paste" "F.Mask")
      (net 5 "Net-(C2-Pad2)"))
    (model "${KISYS3DMOD}/Diode_SMD.3dshapes/D_MiniMELF.wrl"
      (at (xyz 0 0 0))
      (scale (xyz 1 1 1))
      (rotate (xyz 0 0 0))
    )
  )

  (module "Resistor_SMD:R_1206_3216Metric" (layer "F.Cu") (tedit 59FE48B8) (tstamp 5DC00C84)
    (at 89.25 56.5 180)
    (descr "Resistor SMD 1206 (3216 Metric), square (rectangular) end terminal, IPC_7351 nominal, (Body size source: http://www.tortai-tech.com/upload/download/2011102023233369053.pdf), generated with kicad-footprint-generator")
    (tags "resistor")
    (path "/5A8F4D1E")
    (attr smd)
    (fp_text reference "R1" (at 3.53 -0.25) (layer "F.SilkS")
      (effects (font (size 1 1) (thickness 0.15)))
    )
    (fp_text value "620K" (at 0 2) (layer "F.Fab")
      (effects (font (size 1 1) (thickness 0.15)))
    )
    (fp_text user "%R" (at 0 0) (layer "F.Fab")
      (effects (font (size 0.8 0.8) (thickness 0.12)))
    )
    (fp_line (start 2.29 1.15) (end -2.29 1.15) (layer "F.CrtYd") (width 0.05))
    (fp_line (start 2.29 -1.15) (end 2.29 1.15) (layer "F.CrtYd") (width 0.05))
    (fp_line (start -2.29 -1.15) (end 2.29 -1.15) (layer "F.CrtYd") (width 0.05))
    (fp_line (start -2.29 1.15) (end -2.29 -1.15) (layer "F.CrtYd") (width 0.05))
    (fp_line (start -0.65 0.91) (end 0.65 0.91) (layer "F.SilkS") (width 0.12))
    (fp_line (start -0.65 -0.91) (end 0.65 -0.91) (layer "F.SilkS") (width 0.12))
    (fp_line (start 1.6 0.8) (end -1.6 0.8) (layer "F.Fab") (width 0.1))
    (fp_line (start 1.6 -0.8) (end 1.6 0.8) (layer "F.Fab") (width 0.1))
    (fp_line (start -1.6 -0.8) (end 1.6 -0.8) (layer "F.Fab") (width 0.1))
    (fp_line (start -1.6 0.8) (end -1.6 -0.8) (layer "F.Fab") (width 0.1))
    (pad "1" smd rect (at -1.505 0 180) (size 1.07 1.8) (layers "F.Cu" "F.Paste" "F.Mask")
      (net 3 "Net-(C1-Pad1)"))
    (pad "2" smd rect (at 1.505 0 180) (size 1.07 1.8) (layers "F.Cu" "F.Paste" "F.Mask")
      (net 13 "Net-(R1-Pad2)"))
    (model "${KISYS3DMOD}/Resistor_SMD.3dshapes/R_1206_3216Metric.wrl"
      (at (xyz 0 0 0))
      (scale (xyz 1 1 1))
      (rotate (xyz 0 0 0))
    )
  )

  (module "Resistor_SMD:R_1206_3216Metric" (layer "F.Cu") (tedit 59FE48B8) (tstamp 5DC00C24)
    (at 81.75 57.995 90)
    (descr "Resistor SMD 1206 (3216 Metric), square (rectangular) end terminal, IPC_7351 nominal, (Body size source: http://www.tortai-tech.com/upload/download/2011102023233369053.pdf), generated with kicad-footprint-generator")
    (tags "resistor")
    (path "/5A8F4CCD")
    (attr smd)
    (fp_text reference "R3" (at -0.005 -2.5 180) (layer "F.SilkS")
      (effects (font (size 1 1) (thickness 0.15)))
    )
    (fp_text value "100R" (at 0.005 1.875 90) (layer "F.Fab")
      (effects (font (size 1 1) (thickness 0.15)))
    )
    (fp_line (start -1.6 0.8) (end -1.6 -0.8) (layer "F.Fab") (width 0.1))
    (fp_line (start -1.6 -0.8) (end 1.6 -0.8) (layer "F.Fab") (width 0.1))
    (fp_line (start 1.6 -0.8) (end 1.6 0.8) (layer "F.Fab") (width 0.1))
    (fp_line (start 1.6 0.8) (end -1.6 0.8) (layer "F.Fab") (width 0.1))
    (fp_line (start -0.65 -0.91) (end 0.65 -0.91) (layer "F.SilkS") (width 0.12))
    (fp_line (start -0.65 0.91) (end 0.65 0.91) (layer "F.SilkS") (width 0.12))
    (fp_line (start -2.29 1.15) (end -2.29 -1.15) (layer "F.CrtYd") (width 0.05))
    (fp_line (start -2.29 -1.15) (end 2.29 -1.15) (layer "F.CrtYd") (width 0.05))
    (fp_line (start 2.29 -1.15) (end 2.29 1.15) (layer "F.CrtYd") (width 0.05))
    (fp_line (start 2.29 1.15) (end -2.29 1.15) (layer "F.CrtYd") (width 0.05))
    (fp_text user "%R" (at 0 0 90) (layer "F.Fab")
      (effects (font (size 0.8 0.8) (thickness 0.12)))
    )
    (pad "2" smd rect (at 1.505 0 90) (size 1.07 1.8) (layers "F.Cu" "F.Paste" "F.Mask")
      (net 17 "Net-(R3-Pad2)"))
    (pad "1" smd rect (at -1.505 0 90) (size 1.07 1.8) (layers "F.Cu" "F.Paste" "F.Mask")
      (net 7 "Net-(C3-Pad1)"))
    (model "${KISYS3DMOD}/Resistor_SMD.3dshapes/R_1206_3216Metric.wrl"
      (at (xyz 0 0 0))
      (scale (xyz 1 1 1))
      (rotate (xyz 0 0 0))
    )
  )

  (module "Resistor_SMD:R_1206_3216Metric" (layer "F.Cu") (tedit 59FE48B8) (tstamp 5DC00BF4)
    (at 50.75 53.875 -90)
    (descr "Resistor SMD 1206 (3216 Metric), square (rectangular) end terminal, IPC_7351 nominal, (Body size source: http://www.tortai-tech.com/upload/download/2011102023233369053.pdf), generated with kicad-footprint-generator")
    (tags "resistor")
    (path "/5A8F4E60")
    (attr smd)
    (fp_text reference "R5" (at -3.125 0 180) (layer "F.SilkS")
      (effects (font (size 1 1) (thickness 0.15)))
    )
    (fp_text value "1M" (at 4.375 0 90) (layer "F.Fab")
      (effects (font (size 1 1) (thickness 0.15)))
    )
    (fp_line (start -1.6 0.8) (end -1.6 -0.8) (layer "F.Fab") (width 0.1))
    (fp_line (start -1.6 -0.8) (end 1.6 -0.8) (layer "F.Fab") (width 0.1))
    (fp_line (start 1.6 -0.8) (end 1.6 0.8) (layer "F.Fab") (width 0.1))
    (fp_line (start 1.6 0.8) (end -1.6 0.8) (layer "F.Fab") (width 0.1))
    (fp_line (start -0.65 -0.91) (end 0.65 -0.91) (layer "F.SilkS") (width 0.12))
    (fp_line (start -0.65 0.91) (end 0.65 0.91) (layer "F.SilkS") (width 0.12))
    (fp_line (start -2.29 1.15) (end -2.29 -1.15) (layer "F.CrtYd") (width 0.05))
    (fp_line (start -2.29 -1.15) (end 2.29 -1.15) (layer "F.CrtYd") (width 0.05))
    (fp_line (start 2.29 -1.15) (end 2.29 1.15) (layer "F.CrtYd") (width 0.05))
    (fp_line (start 2.29 1.15) (end -2.29 1.15) (layer "F.CrtYd") (width 0.05))
    (fp_text user "%R" (at 0 0 90) (layer "F.Fab")
      (effects (font (size 0.8 0.8) (thickness 0.12)))
    )
    (pad "2" smd rect (at 1.505 0 270) (size 1.07 1.8) (layers "F.Cu" "F.Paste" "F.Mask")
      (net 19 "Net-(R4-Pad1)"))
    (pad "1" smd rect (at -1.505 0 270) (size 1.07 1.8) (layers "F.Cu" "F.Paste" "F.Mask")
      (net 6 "Net-(C2-Pad1)"))
    (model "${KISYS3DMOD}/Resistor_SMD.3dshapes/R_1206_3216Metric.wrl"
      (at (xyz 0 0 0))
      (scale (xyz 1 1 1))
      (rotate (xyz 0 0 0))
    )
  )

  (module "Resistor_SMD:R_1206_3216Metric" (layer "F.Cu") (tedit 59FE48B8) (tstamp 5DC00BC4)
    (at 46.75 53.905 -90)
    (descr "Resistor SMD 1206 (3216 Metric), square (rectangular) end terminal, IPC_7351 nominal, (Body size source: http://www.tortai-tech.com/upload/download/2011102023233369053.pdf), generated with kicad-footprint-generator")
    (tags "resistor")
    (path "/5A8F4E0B")
    (attr smd)
    (fp_text reference "R6" (at -3.155 0) (layer "F.SilkS")
      (effects (font (size 1 1) (thickness 0.15)))
    )
    (fp_text value "21K" (at 3.845 0 90) (layer "F.Fab")
      (effects (font (size 1 1) (thickness 0.15)))
    )
    (fp_text user "%R" (at 0 0 -90) (layer "F.Fab")
      (effects (font (size 0.8 0.8) (thickness 0.12)))
    )
    (fp_line (start 2.29 1.15) (end -2.29 1.15) (layer "F.CrtYd") (width 0.05))
    (fp_line (start 2.29 -1.15) (end 2.29 1.15) (layer "F.CrtYd") (width 0.05))
    (fp_line (start -2.29 -1.15) (end 2.29 -1.15) (layer "F.CrtYd") (width 0.05))
    (fp_line (start -2.29 1.15) (end -2.29 -1.15) (layer "F.CrtYd") (width 0.05))
    (fp_line (start -0.65 0.91) (end 0.65 0.91) (layer "F.SilkS") (width 0.12))
    (fp_line (start -0.65 -0.91) (end 0.65 -0.91) (layer "F.SilkS") (width 0.12))
    (fp_line (start 1.6 0.8) (end -1.6 0.8) (layer "F.Fab") (width 0.1))
    (fp_line (start 1.6 -0.8) (end 1.6 0.8) (layer "F.Fab") (width 0.1))
    (fp_line (start -1.6 -0.8) (end 1.6 -0.8) (layer "F.Fab") (width 0.1))
    (fp_line (start -1.6 0.8) (end -1.6 -0.8) (layer "F.Fab") (width 0.1))
    (pad "1" smd rect (at -1.505 0 270) (size 1.07 1.8) (layers "F.Cu" "F.Paste" "F.Mask")
      (net 6 "Net-(C2-Pad1)"))
    (pad "2" smd rect (at 1.505 0 270) (size 1.07 1.8) (layers "F.Cu" "F.Paste" "F.Mask")
      (net 15 "Net-(R6-Pad2)"))
    (model "${KISYS3DMOD}/Resistor_SMD.3dshapes/R_1206_3216Metric.wrl"
      (at (xyz 0 0 0))
      (scale (xyz 1 1 1))
